856356903777206272
856356889331892224
856356903454244865
856356889436880947
856356903410728980
856356903264452628
856356902938345492
856356890569342996
856356887657971713
856356887657185320
856356888673386526
856356902924582922
856356903302201384
856356889147342889
856356888119214080
856356888849416212
856356903735132160
856356889046024222
856356888132190208
856356903286472725
856356903366295562
856356903172440066
856356903173357599
856356903499464725
856356903286603777
856356887812112384
856356888592908320
856356887725473822
856356903697514506
856356903156187149
856356889053626398
856356903672217620
856356903428685874
856356888052105236
856356903515979817
856356903218577430
856356902828113967
856356889393365042
856356903725432893
856356888207556628
856356888198774784
856356889251938314
856356888807342111
856356888785322014
856356888752816158
856356889355747370
856356903365378068
856356904007368714
856356889183780874
856356902858260490
856356889339232267
856356903428423700
856356889357058048
856356887963107348
856356888856625152
856356903624638484
856356888823201862
856356887951179817
856356903474167808
856356888564072489
856356888705499156
856356903637483550
856356903159463957
856356889058344990
856356888764612628
856356888697503774
856356903298531338
856356903868301332
856356902836109383
856356903420035072
856356902913048586
856356903096942613
856356888731975691
856356903608516608
856356888215814164
856356888995168277
856356887812505600
856356888831590400
856356888286461952
856356888668798996
856356904045641738
856356903672217600
856356888689246239
856356887830593556
856356903370358814
856356903349125120
856356902842007583
856356887415357471
856356904057569321
856356887863361556
856356904288649236
856356889259540511
856356903453720576
856356888026021898
856356903353712670
856356888035459092
856356903490420746
856356903734345729
856356903483736085
856356903831076874
